name: gnn_prisoner
channels:
  - conda-forge
  - defaults
dependencies:
  - asttokens=3.0.0=pyhd8ed1ab_1
  - bzip2=1.0.8=h2466b09_7
  - ca-certificates=2025.4.26=h4c7d964_0
  - colorama=0.4.6=pyhd8ed1ab_1
  - comm=0.2.2=pyhd8ed1ab_1
  - cpython=3.9.22=py39hd8ed1ab_1
  - debugpy=1.8.14=py39ha51f57c_0
  - decorator=5.2.1=pyhd8ed1ab_0
  - exceptiongroup=1.2.2=pyhd8ed1ab_1
  - executing=2.2.0=pyhd8ed1ab_0
  - importlib-metadata=8.6.1=pyha770c72_0
  - ipykernel=6.29.5=pyh4bbf305_0
  - ipython=8.18.1=pyh7428d3b_3
  - jedi=0.19.2=pyhd8ed1ab_1
  - jupyter_client=8.6.3=pyhd8ed1ab_1
  - jupyter_core=5.7.2=pyh5737063_1
  - krb5=1.21.3=hdf4eb48_0
  - libexpat=2.7.0=he0c23c2_0
  - libffi=3.4.6=h537db12_1
  - liblzma=5.8.1=h2466b09_0
  - libsodium=1.0.20=hc70643c_0
  - libsqlite=3.49.1=h67fdade_2
  - libzlib=1.3.1=h2466b09_2
  - matplotlib-inline=0.1.7=pyhd8ed1ab_1
  - nest-asyncio=1.6.0=pyhd8ed1ab_1
  - openssl=3.5.0=ha4e3fda_0
  - packaging=25.0=pyh29332c3_1
  - parso=0.8.4=pyhd8ed1ab_1
  - pickleshare=0.7.5=pyhd8ed1ab_1004
  - pip=25.0.1=pyh8b19718_0
  - platformdirs=4.3.7=pyh29332c3_0
  - prompt-toolkit=3.0.51=pyha770c72_0
  - psutil=7.0.0=py39ha55e580_0
  - pure_eval=0.2.3=pyhd8ed1ab_1
  - pygments=2.19.1=pyhd8ed1ab_0
  - python=3.9.22=hfdde91d_1_cpython
  - python-dateutil=2.9.0.post0=pyhff2d567_1
  - python_abi=3.9=7_cp39
  - pywin32=307=py39ha51f57c_3
  - pyzmq=26.4.0=py39h03e5c00_0
  - setuptools=79.0.1=pyhff2d567_0
  - six=1.17.0=pyhd8ed1ab_0
  - stack_data=0.6.3=pyhd8ed1ab_1
  - tk=8.6.13=h5226925_1
  - tornado=6.4.2=py39ha55e580_0
  - traitlets=5.14.3=pyhd8ed1ab_1
  - typing_extensions=4.13.2=pyh29332c3_0
  - ucrt=10.0.22621.0=h57928b3_1
  - vc=14.3=h2b53caa_26
  - vc14_runtime=14.42.34438=hfd919c2_26
  - wcwidth=0.2.13=pyhd8ed1ab_1
  - wheel=0.45.1=pyhd8ed1ab_1
  - zeromq=4.3.5=ha9f60a1_7
  - zipp=3.21.0=pyhd8ed1ab_1
  - pip:
      - aiohappyeyeballs==2.6.1
      - aiohttp==3.11.18
      - aiosignal==1.3.2
      - async-timeout==5.0.1
      - attrs==25.3.0
      - certifi==2025.4.26
      - charset-normalizer==3.4.1
      - contourpy==1.3.0
      - cycler==0.12.1
      - filelock==3.18.0
      - fonttools==4.57.0
      - frozenlist==1.6.0
      - fsspec==2025.3.2
      - idna==3.10
      - importlib-resources==6.5.2
      - jinja2==3.1.6
      - kiwisolver==1.4.7
      - markupsafe==3.0.2
      - matplotlib==3.9.4
      - mpmath==1.3.0
      - multidict==6.4.3
      - networkx==3.2.1
      - numpy==2.0.2
      - pandas==2.2.3
      - pillow==11.2.1
      - propcache==0.3.1
      - pyparsing==3.2.3
      - pytz==2025.2
      - requests==2.32.3
      - sympy==1.13.3
      - torch==2.7.0
      - torch-geometric==2.6.1
      - tqdm==4.67.1
      - tzdata==2025.2
      - urllib3==2.4.0
      - yarl==1.20.0
prefix: C:\Users\aquaf\anaconda3\envs\gnn_prisoner
